Theta	E
72.645040	2317.572600
72.645040	2365.553400
72.645040	2233.606200
72.645040	2171.631000
72.645040	2318.113378
72.645040	2361.487785
72.645040	2213.514447
72.645040	879.967296
75.248476	2308.576200
75.248476	2354.557800
75.248476	2149.639800
75.248476	2217.612600
75.248476	2308.647653
75.248476	2351.971191
75.248476	2150.250534
75.248476	2204.427000
163.925414	2169.631800
163.925414	1814.773800
163.925414	1965.713400
163.925414	2168.690581
163.925414	1816.605374
163.925414	1966.145109
58.762877	2350.559400
58.762877	2241.603000
58.762877	2409.535800
58.762877	2284.585800
58.762877	2342.644792
58.762877	1168.211347
58.762877	2324.071225
58.762877	2281.583056
68.323616	2327.568600
68.323616	2378.548200
68.323616	2254.597800
68.323616	2328.000099
68.323616	2373.959660
68.323616	2234.960031
86.717335	2277.588600
86.717335	2323.570200
86.717335	2091.663000
86.717335	2170.631400
86.717335	2278.148748
86.717335	2321.781205
86.717335	2095.995458
86.717335	2156.675734
60.732784	2343.562200
60.732784	2399.539800
60.732784	2276.589000
60.732784	2226.609000
60.732784	2344.199705
60.732784	2391.513932
60.732784	2265.949101
60.732784	1097.542806
56.150333	2354.557800
56.150333	2249.599800
56.150333	2290.583400
56.150333	2355.410075
56.150333	1167.574938
56.150333	2302.921971
113.449875	2255.597400
113.449875	1983.706200
113.449875	2205.617400
113.449875	2255.835183
113.449875	1984.063069
113.449875	2215.832991
60.083381	2345.561400
60.083381	2403.538200
60.083381	2281.587000
60.083381	2346.318112
60.083381	2395.223958
60.083381	2272.656073
71.974420	2317.572600
71.974420	2365.553400
71.974420	2173.630200
71.974420	2318.432667
71.974420	2362.079034
71.974420	2214.820742
70.985546	2319.571800
70.985546	2367.552600
70.985546	2174.629800
70.985546	2238.604200
70.985546	2320.111630
70.985546	2364.249502
70.985546	741.995532
70.985546	2214.726075
65.086457	2333.566200
65.086457	2385.545400
65.086457	2204.617800
65.086457	2263.594200
65.086457	2333.827653
65.086457	2379.426901
65.086457	926.681388
65.086457	2244.283473
112.240192	2257.596600
112.240192	2206.617000
112.240192	1990.703400
112.240192	2257.595219
112.240192	2213.005534
112.240192	1987.089728
148.574291	2159.635800
148.574291	1804.777800
148.574291	1955.717400
148.574291	2159.806206
148.574291	1804.704746
148.574291	1955.964355
141.156138	2185.625400
141.156138	1867.752600
141.156138	2000.699400
141.156138	2188.617220
141.156138	1862.896616
141.156138	1992.535617
56.815689	2352.558600
56.815689	2248.600200
56.815689	2353.892110
56.815689	2299.740898
61.630379	2342.562600
61.630379	2396.541000
61.630379	2274.589800
61.630379	2223.610200
61.630379	2342.845434
61.630379	2390.264244
61.630379	2266.681372
61.630379	1123.427747
94.697402	2263.594200
94.697402	2308.576200
94.697402	2066.673000
94.697402	2264.088069
94.697402	2307.533649
94.697402	2112.228216
147.321531	2174.629800
147.321531	1841.763000
147.321531	1984.705800
147.321531	2173.322926
147.321531	1837.487821
147.321531	1976.889393
126.287384	2224.609800
126.287384	1927.728600
126.287384	2054.677800
126.287384	2223.539508
126.287384	1929.258084
126.287384	2054.769513
87.968845	2278.588200
87.968845	2322.570600
87.968845	2093.662200
87.968845	2169.631800
87.968845	2278.668985
87.968845	2321.486682
87.968845	2093.813340
87.968845	2151.667757
107.009260	2269.591800
107.009260	2221.611000
107.009260	2011.695000
107.009260	2270.161492
107.009260	2221.176667
107.009260	2010.491965
120.689197	2237.604600
120.689197	1949.719800
120.689197	2236.944505
120.689197	1951.741800
80.350631	2294.581800
80.350631	2339.563800
80.350631	2122.650600
80.350631	2194.621800
80.350631	2294.527312
80.350631	2337.586866
80.350631	2123.360265
80.350631	2178.451208
120.021661	2240.603400
120.021661	1957.716600
120.021661	2239.881669
120.021661	1957.234254
54.902812	2358.556200
54.902812	2296.581000
54.902812	2262.594600
54.902812	2359.121062
54.902812	2305.454484
54.902812	2261.235637
78.963689	2302.578600
78.963689	2348.560200
78.963689	2141.643000
78.963689	2207.616600
78.963689	2302.301060
78.963689	2346.809339
78.963689	2138.550786
78.963689	2190.856848
144.170316	2180.627400
144.170316	1856.757000
144.170316	2180.666250
144.170316	1850.205500
109.667068	2265.593400
109.667068	2218.612200
109.667068	1999.699800
109.667068	2266.150471
109.667068	2221.943107
109.667068	2001.657869
66.484717	2331.567000
66.484717	2381.547000
66.484717	2199.619800
66.484717	2331.576704
66.484717	2376.111334
66.484717	2242.084536
51.957743	2361.555000
51.957743	2261.595000
51.957743	2360.876647
51.957743	2285.772222
83.064614	2292.582600
83.064614	2337.564600
83.064614	2119.651800
83.064614	2193.622200
83.064614	2293.194417
83.064614	2335.571556
83.064614	2119.428599
83.064614	2173.992555
142.180183	2184.625800
142.180183	1870.751400
142.180183	2186.589390
142.180183	1860.571707
98.612140	2295.581400
98.612140	2249.599800
98.612140	2041.683000
98.612140	2063.674200
98.612140	2129.647800
98.612140	2294.874211
98.612140	2249.526868
98.612140	2036.284247
98.612140	2067.334027
98.612140	2109.893440
57.812561	2352.558600
57.812561	2288.584200
57.812561	2247.600600
57.812561	2410.535400
57.812561	2352.237950
57.812561	2282.634133
57.812561	1205.560665
57.812561	2400.491086
146.227585	2178.628200
146.227585	1849.759800
146.227585	1988.704200
146.227585	2177.295280
146.227585	1842.491253
146.227585	1965.392898
64.312183	2336.565000
64.312183	2390.543400
64.312183	2209.615800
64.312183	2336.480155
64.312183	2384.538940
64.312183	2253.713016
152.455913	2178.628200
152.455913	1838.764200
152.455913	1984.705800
152.455913	2175.436522
152.455913	1837.056561
152.455913	1958.961981
92.116209	2309.575800
92.116209	2263.594200
92.116209	2067.672600
92.116209	2308.917525
92.116209	2264.454131
92.116209	2117.053367
91.464213	2310.575400
91.464213	2263.594200
91.464213	2066.673000
91.464213	2150.639400
91.464213	2309.163173
91.464213	2264.669701
91.464213	2071.579743
91.464213	2134.009598
156.578924	2173.630200
156.578924	1826.769000
156.578924	1973.710200
156.578924	2172.554023
156.578924	1827.522366
156.578924	1973.826942
143.584502	2181.627000
143.584502	1865.753400
143.584502	1849.759800
103.571229	2281.587000
103.571229	2235.605400
103.571229	2011.695000
103.571229	2038.684200
103.571229	2108.656200
103.571229	2281.465161
103.571229	2235.724017
103.571229	2009.181612
103.571229	2041.756959
103.571229	2096.709349
121.880042	2235.605400
121.880042	1948.720200
121.880042	2071.671000
121.880042	2235.471531
121.880042	1949.470726
121.880042	2072.951597
125.470053	2224.609800
125.470053	1929.727800
125.470053	2056.677000
88.879671	2278.588200
88.879671	2322.570600
88.879671	2091.663000
88.879671	2170.631400
88.879671	2278.705091
88.879671	2321.432152
88.879671	2092.773681
88.879671	2151.128768
69.962490	2321.571000
69.962490	2369.551800
69.962490	2181.627000
69.962490	2241.603000
69.962490	2322.102493
69.962490	2366.586945
69.962490	854.281585
69.962490	2220.808352
102.475246	2282.586600
102.475246	2234.605800
102.475246	2018.692200
102.475246	2035.685400
102.475246	2108.656200
102.475246	2282.146736
102.475246	2234.855785
102.475246	2018.537768
102.475246	2050.090009
102.475246	2122.394252
81.289113	2292.582600
81.289113	2337.564600
81.289113	2119.651800
81.289113	2292.858249
81.289113	2336.375914
81.289113	2166.809421
163.187606	2170.631400
163.187606	1815.773400
163.187606	1966.713000
163.187606	2169.070055
163.187606	1818.034984
163.187606	1966.277389
142.984958	2183.626200
142.984958	1864.753800
142.984958	2002.698600
142.984958	2184.156451
142.984958	1855.626693
142.984958	1984.689445
151.892095	2146.641000
151.892095	1785.785400
151.892095	1939.723800
151.892095	2145.621100
151.892095	1787.114952
151.892095	1940.373989
157.965688	2172.630600
157.965688	1824.769800
157.965688	1972.710600
157.965688	2171.523085
157.965688	1825.160142
157.965688	1972.153662
150.885917	2147.640600
150.885917	1786.785000
150.885917	1940.723400
150.885917	2146.805523
150.885917	1788.759595
150.885917	1941.446402
95.475419	2251.599000
95.475419	2296.581000
95.475419	2061.675000
95.475419	2157.636600
95.475419	2128.648200
95.475419	2253.151026
95.475419	2297.040110
95.475419	2056.692970
95.475419	9354142024.778360
95.475419	2141.676452
74.390441	2310.575400
74.390441	2358.556200
74.390441	2227.608600
74.390441	2311.440813
74.390441	2355.910400
74.390441	2201.188770
53.513997	2360.555400
53.513997	2299.579800
53.513997	2360.707099
53.513997	2312.051227
117.968602	2245.601400
117.968602	1968.712200
117.968602	2244.592489
117.968602	1968.558398
76.871194	2305.577400
76.871194	2350.559400
76.871194	2145.641400
76.871194	2213.614200
76.871194	2305.519936
76.871194	2348.220113
76.871194	2144.853857
76.871194	2198.776824
96.696218	2295.581400
96.696218	2248.600200
96.696218	2042.682600
96.696218	2295.322474
96.696218	2249.134441
96.696218	2088.346923
158.702633	2171.631000
158.702633	1821.771000
158.702633	1969.711800
158.702633	2170.108098
158.702633	1822.593589
158.702633	1971.200754
84.271993	2290.583400
84.271993	2335.565400
84.271993	2117.652600
84.271993	2187.624600
84.271993	2291.267002
84.271993	2334.646157
84.271993	2117.524321
84.271993	2171.351579
115.706553	2248.600200
115.706553	1970.711400
115.706553	2089.663800
115.706553	2199.619800
115.706553	2249.255527
115.706553	1973.884435
115.706553	2077.562710
115.706553	2217.131025
160.563317	2171.631000
160.563317	1820.771400
160.563317	1969.711800
160.563317	2170.864622
160.563317	1822.293458
160.563317	1970.204253
114.475172	2253.598200
114.475172	1981.707000
114.475172	2204.617800
114.475172	2254.049993
114.475172	1983.658178
114.475172	2217.100888
63.063018	2340.563400
63.063018	2395.541400
63.063018	2273.590200
63.063018	2221.611000
63.063018	2340.918760
63.063018	2387.708919
63.063018	2261.331250
63.063018	1044.344485
144.716344	2179.627800
144.716344	1858.756200
144.716344	1996.701000
144.716344	2179.854957
144.716344	1848.867223
144.716344	1976.059431
59.568927	2347.560600
59.568927	2279.587800
59.568927	2240.603400
59.568927	2409.535800
111.570732	2258.596200
111.570732	2213.614200
111.570732	1989.703800
111.570732	2101.659000
111.570732	2258.839392
111.570732	2220.862247
111.570732	1988.589813
111.570732	2094.259796
78.447288	2305.577400
78.447288	2351.559000
78.447288	2210.615400
78.447288	2146.641000
78.447288	2305.304403
78.447288	2348.402137
78.447288	2195.980575
78.447288	2144.648334
115.077331	2252.598600
115.077331	2204.617800
115.077331	2093.662200
115.077331	1977.708600
153.135738	2177.628600
153.135738	1835.765400
153.135738	1982.706600
153.135738	2175.624682
153.135738	1834.874746
153.135738	1980.933996
76.225781	2306.577000
76.225781	2352.558600
76.225781	2148.640200
76.225781	2213.614200
76.225781	2306.370081
76.225781	2350.088510
76.225781	2146.524959
76.225781	2198.373364
62.374898	2341.563000
62.374898	2397.540600
62.374898	2221.611000
62.374898	2275.589400
116.981441	2246.601000
116.981441	1969.711800
116.981441	2245.691852
116.981441	1970.711049
67.496869	2330.567400
67.496869	2380.547400
67.496869	2197.620600
67.496869	2256.597000
67.496869	2330.392855
67.496869	2375.457253
67.496869	681.477684
67.496869	2235.698052
100.100459	2291.583000
100.100459	2246.601000
100.100459	2039.683800
100.100459	2291.335749
100.100459	2246.625236
100.100459	2081.504161
79.587640	2297.580600
79.587640	2342.562600
79.587640	2126.649000
79.587640	2297.926906
79.587640	2341.829299
79.587640	2172.726103
52.663210	2360.555400
52.663210	2360.530947
105.253721	2276.589000
105.253721	2231.607000
105.253721	2011.695000
105.253721	2110.655400
105.253721	2277.525447
105.253721	2232.282434
105.253721	2017.544650
105.253721	2117.662856
127.245445	2222.610600
127.245445	1927.728600
127.245445	2052.678600
89.986708	2315.573400
89.986708	2271.591000
89.986708	2092.662600
89.986708	2145.641400
89.986708	2315.897918
89.986708	2272.795085
89.986708	2085.752957
89.986708	2143.433244
92.806490	2264.593800
92.806490	2310.575400
92.806490	2067.672600
92.806490	2264.782486
92.806490	2308.554977
92.806490	2115.967791
161.562499	2171.631000
161.562499	1818.772200
161.562499	2170.575074
161.562499	1820.032423
65.801115	2332.566600
65.801115	2383.546200
65.801115	2200.619400
65.801115	2258.596200
65.801115	2332.372925
65.801115	2378.258616
65.801115	-324.743071
65.801115	2243.950940
77.881852	2305.577400
77.881852	2351.559000
77.881852	2147.640600
77.881852	2211.615000
77.881852	2305.699449
77.881852	2348.805480
77.881852	2145.537094
77.881852	2200.134740
150.157053	2150.639400
150.157053	1794.781800
150.157053	2151.470507
150.157053	1795.517469
54.260982	2359.555800
54.260982	2359.500685
87.399897	2277.588600
87.399897	2322.570600
87.399897	2092.662600
87.399897	2169.631800
118.642104	2243.602200
118.642104	1963.714200
118.642104	2083.666200
118.642104	2242.946248
118.642104	1964.538973
118.642104	2074.893321
85.906008	2277.588600
85.906008	2323.570200
85.906008	2093.662200
85.906008	2172.630600
85.906008	2278.212901
85.906008	2321.827934
85.906008	2094.767669
85.906008	2155.985629
55.524604	2356.557000
55.524604	2293.582200
55.524604	2356.730261
55.524604	2311.061485
123.769047	2230.607400
123.769047	1940.723400
123.769047	2061.675000
123.769047	2229.809606
123.769047	1940.316929
123.769047	2052.537293
84.872800	2280.587400
84.872800	2325.569400
84.872800	2097.660600
84.872800	2179.627800
84.872800	2280.894782
84.872800	2324.574672
84.872800	2097.770679
84.872800	2157.623840
111.069010	2261.595000
111.069010	2215.613400
111.069010	1990.703400
111.069010	2107.656600
111.069010	2262.347253
111.069010	2220.429273
111.069010	1994.319581
111.069010	2100.759208
112.810557	2255.597400
112.810557	2205.617400
112.810557	1993.702200
112.810557	2255.429755
112.810557	6397.037167
112.810557	1568.378851
68.963090	2323.570200
68.963090	2373.550200
68.963090	2184.625800
68.963090	2324.068600
68.963090	2369.538399
68.963090	2226.193424
155.183254	2175.629400
155.183254	1830.767400
155.183254	2173.665483
155.183254	1830.592389
93.404024	2309.575800
93.404024	2264.593800
93.404024	2068.672200
93.404024	2308.718557
93.404024	2264.541171
93.404024	2113.997707
122.488884	2235.605400
122.488884	1947.720600
122.488884	2233.792489
122.488884	1947.465940
100.958094	2283.586200
100.958094	2238.604200
100.958094	2034.685800
100.958094	2139.643800
100.958094	2283.946529
100.958094	2240.108721
100.958094	2031.922701
100.958094	2126.552747
157.343288	2173.630200
157.343288	1823.770200
157.343288	1973.710200
157.343288	2171.606907
157.343288	1827.065479
157.343288	1974.539695
97.328888	2295.581400
97.328888	2249.599800
97.328888	2039.683800
97.328888	2294.977969
97.328888	2249.255666
97.328888	2089.788574
101.897175	2282.586600
101.897175	2234.605800
101.897175	2037.684600
101.897175	2020.691400
101.897175	2141.643000
101.897175	2282.415807
101.897175	2234.185523
101.897175	1079.853985
101.897175	2027.754907
101.897175	2125.226565
119.423096	2242.602600
119.423096	1958.716200
119.423096	2083.666200
119.423096	2241.987370
119.423096	1960.438288
119.423096	2083.786433
63.775547	2337.564600
63.775547	2393.542200
63.775547	2272.590600
63.775547	2209.615800
73.682877	2314.573800
73.682877	2364.553800
73.682877	2167.632600
73.682877	2235.605400
73.682877	2315.383622
73.682877	2361.131083
73.682877	2259.556246
73.682877	2320.661537
108.265770	2268.592200
108.265770	2220.611400
108.265770	2004.697800
108.265770	2117.652600
108.265770	2268.551494
108.265770	2221.048554
108.265770	2000.441877
108.265770	2106.687709
159.480548	2171.631000
159.480548	1821.771000
159.480548	1969.711800
159.480548	2170.282654
159.480548	1823.035644
159.480548	1970.134966
90.592541	2310.575400
90.592541	2263.594200
90.592541	2062.674600
90.592541	2308.918217
90.592541	2263.398755
90.592541	2113.334116
155.792856	2174.629800
155.792856	1827.768600
155.792856	1973.710200
155.792856	2173.476833
155.792856	1830.202331
155.792856	1974.652200
104.259372	2279.587800
104.259372	2234.605800
104.259372	2016.693000
104.259372	2104.657800
104.259372	2279.777307
104.259372	2234.114462
104.259372	2019.806796
104.259372	2092.542480
124.318787	2225.609400
124.318787	1932.726600
124.318787	2224.889483
124.318787	1932.091409
121.316309	2237.604600
121.316309	1948.720200
121.316309	2236.975507
121.316309	-629654490.542366
116.374672	2246.601000
116.374672	1969.711800
116.374672	2246.056361
116.374672	1971.109689
95.978423	2296.581000
95.978423	2249.599800
95.978423	2068.672200
95.978423	2038.684200
95.978423	2279.125864
95.978423	2251.018137
95.978423	2059.433128
95.978423	1901.996714
106.145233	2271.591000
106.145233	2227.608600
106.145233	2012.694600
106.145233	2112.654600
106.145233	2272.774757
106.145233	2229.297762
106.145233	2009.342854
106.145233	2111.196444
82.411247	2292.582600
82.411247	2336.565000
82.411247	2118.652200
82.411247	2292.976258
82.411247	2335.415311
82.411247	2166.966208
93.978898	2309.575800
93.978898	2265.593400
93.978898	2068.672200
93.978898	2308.589642
93.978898	2265.011307
93.978898	2116.819074
99.456124	2293.582200
99.456124	2248.600200
99.456124	2042.682600
99.456124	2126.649000
99.456124	2293.226825
99.456124	2248.794162
99.456124	2048.552519
99.456124	2133.564937
162.486791	2170.631400
162.486791	1816.773000
162.486791	1967.712600
162.486791	2169.540145
162.486791	1818.559432
162.486791	1968.463335
98.002104	2295.581400
98.002104	2249.599800
98.002104	2062.674600
98.002104	2294.683989
98.002104	2250.195481
98.002104	2084.603789
153.734721	2176.629000
153.734721	1835.765400
153.734721	2174.650661
153.734721	1833.966802
83.729168	2336.565000
83.729168	2292.582600
83.729168	2123.650200
83.729168	2334.234819
83.729168	2292.655773
83.729168	2160.329579
154.245844	2176.629000
154.245844	1831.767000
154.245844	2174.711473
154.245844	1831.322243
123.007672	2232.606600
123.007672	1942.722600
123.007672	2232.713692
123.007672	1943.359374
107.636883	2269.591800
107.636883	2221.611000
107.636883	1994.701800
149.465953	2156.637000
149.465953	1800.779400
149.465953	1949.719800
149.465953	2155.700596
149.465953	1799.851772
149.465953	1950.211525
109.081228	2266.593000
109.081228	2220.611400
109.081228	1991.703000
145.719052	2178.628200
145.719052	1850.759400
145.719052	1994.701800
145.719052	2178.489046
145.719052	1844.971618
145.719052	1972.123594
110.516338	2264.593800
110.516338	2217.612600
110.516338	1996.701000
110.516338	2264.602898
110.516338	2221.004747
110.516338	2027.108863
146.771700	2177.628600
146.771700	1850.759400
146.771700	2177.322637
146.771700	2035.917706
147.922086	2173.630200
147.922086	1836.765000
147.922086	1975.709400
147.922086	2172.107761
147.922086	1836.151054
147.922086	3488.041250
81.804243	2291.583000
81.804243	2335.565400
81.804243	2117.652600
81.804243	2291.924818
81.804243	2333.481848
81.804243	2150.981031
89.381297	2278.588200
89.381297	2322.570600
89.381297	2099.659800
89.381297	2296.803557
89.381297	741.723627
89.381297	2115.247919
73.151702	2318.572200
73.151702	2364.553800
73.151702	2169.631800
73.151702	2207.616600
103.019244	2282.586600
103.019244	2235.605400
103.019244	2012.694600
