Theta	E
53.919806	1869.564750
53.919806	1876.561250
53.919806	1748.625250
53.919806	1818.590250
53.919806	462.268750
53.919806	487.256250
53.919806	532.233750
53.919806	1869.564750
53.919806	1876.561250
53.919806	1748.625250
53.919806	1818.590250
53.919806	462.268750
53.919806	487.256250
53.919806	532.233750
63.833348	1850.574250
63.833348	1927.535750
63.833348	1785.606750
63.833348	1850.574250
63.833348	1927.535750
63.833348	1785.606750
61.574828	1858.570250
61.574828	1747.625750
61.574828	319.340250
61.574828	1760.619250
61.574828	1858.570250
61.574828	1747.625750
61.574828	319.340250
61.574828	1760.619250
63.624540	1852.573250
63.624540	1913.542750
63.624540	1758.620250
63.624540	1827.585750
63.624540	1897.550750
63.624540	1739.629750
63.624540	1852.573250
63.624540	1913.542750
63.624540	1758.620250
63.624540	1827.585750
63.624540	1897.550750
63.624540	1739.629750
53.554551	1873.562750
53.554551	1823.587750
53.554551	1809.594750
53.554551	1752.623250
53.554551	1873.562750
53.554551	1823.587750
53.554551	1809.594750
53.554551	1752.623250
60.881755	1859.569750
60.881755	1798.600250
60.881755	1752.623250
60.881755	1762.618250
60.881755	1880.559250
60.881755	1742.628250
60.881755	1908.545250
60.881755	1859.569750
60.881755	1798.600250
60.881755	1752.623250
60.881755	1762.618250
60.881755	1880.559250
60.881755	1742.628250
60.881755	1908.545250
159.059854	1839.579750
159.059854	1594.702250
159.059854	1563.717750
159.059854	1839.579750
159.059854	1594.702250
159.059854	1563.717750
60.904517	1860.569250
60.904517	1797.600750
60.904517	1932.533250
60.904517	1819.589750
60.904517	1860.569250
60.904517	1797.600750
60.904517	1932.533250
60.904517	1819.589750
160.159598	1841.578750
160.159598	1682.658250
160.159598	1562.718250
160.159598	1581.708750
160.159598	1841.578750
160.159598	1682.658250
160.159598	1562.718250
160.159598	1581.708750
155.882205	1835.581750
155.882205	1846.576250
155.882205	1580.709250
155.882205	1677.660750
155.882205	1835.581750
155.882205	1846.576250
155.882205	1580.709250
155.882205	1677.660750
62.812725	1854.572250
62.812725	1862.568250
62.812725	1831.583750
62.812725	1756.621250
62.812725	1774.612250
62.812725	1854.572250
62.812725	1862.568250
62.812725	1831.583750
62.812725	1756.621250
62.812725	1774.612250
68.050887	1845.576750
68.050887	1921.538750
68.050887	377.311250
68.050887	1845.576750
68.050887	1921.538750
68.050887	377.311250
64.340527	1850.574250
64.340527	1837.580750
64.340527	1868.565250
64.340527	1798.600250
64.340527	1908.545250
64.340527	1753.622750
64.340527	1850.574250
64.340527	1837.580750
64.340527	1868.565250
64.340527	1798.600250
64.340527	1908.545250
64.340527	1753.622750
148.867297	1841.578750
148.867297	1832.583250
148.867297	1560.719250
148.867297	1841.578750
148.867297	1832.583250
148.867297	1560.719250
158.336760	1844.577250
158.336760	1837.580750
158.336760	1819.589750
158.336760	1575.711750
158.336760	1592.703250
158.336760	1844.577250
158.336760	1837.580750
158.336760	1819.589750
158.336760	1575.711750
158.336760	1592.703250
59.608323	1858.570250
59.608323	1780.609250
59.608323	1814.592250
59.608323	397.301250
59.608323	1885.556750
59.608323	456.271750
59.608323	1858.570250
59.608323	1780.609250
59.608323	1814.592250
59.608323	397.301250
59.608323	1885.556750
59.608323	456.271750
56.843700	1865.566750
56.843700	1801.598750
56.843700	467.266250
56.843700	1658.670250
56.843700	439.280250
56.843700	1865.566750
56.843700	1801.598750
56.843700	467.266250
56.843700	1658.670250
56.843700	439.280250
64.226789	1847.575750
64.226789	1854.572250
64.226789	1911.543750
64.226789	1751.623750
64.226789	1792.603250
64.226789	1847.575750
64.226789	1854.572250
64.226789	1911.543750
64.226789	1751.623750
64.226789	1792.603250
73.222174	1838.580250
73.222174	1827.585750
73.222174	1914.542250
73.222174	1883.557750
73.222174	1853.572750
73.222174	1838.580250
73.222174	1827.585750
73.222174	1914.542250
73.222174	1883.557750
73.222174	1853.572750
63.553982	1857.570750
63.553982	1762.618250
63.553982	1751.623750
63.553982	1782.608250
63.553982	1893.552750
63.553982	1824.587250
63.553982	1857.570750
63.553982	1762.618250
63.553982	1751.623750
63.553982	1782.608250
63.553982	1893.552750
63.553982	1824.587250
58.526175	1871.563750
58.526175	1862.568250
58.526175	1422.788250
58.526175	311.344250
58.526175	1780.609250
58.526175	451.274250
58.526175	1815.591750
58.526175	1871.563750
58.526175	1862.568250
58.526175	1422.788250
58.526175	311.344250
58.526175	1780.609250
58.526175	451.274250
58.526175	1815.591750
54.137825	1875.561750
54.137825	1865.566750
54.137825	1683.657750
54.137825	1707.645750
54.137825	1894.552250
54.137825	1799.599750
54.137825	563.218250
54.137825	1875.561750
54.137825	1865.566750
54.137825	1683.657750
54.137825	1707.645750
54.137825	1894.552250
54.137825	1799.599750
54.137825	563.218250
60.486662	1859.569750
60.486662	1763.617750
60.486662	1898.550250
60.486662	1927.535750
60.486662	1859.569750
60.486662	1763.617750
60.486662	1898.550250
60.486662	1927.535750
63.528608	1851.573750
63.528608	1858.570250
63.528608	1893.552750
63.528608	1814.592250
63.528608	1833.582750
63.528608	1800.599250
63.528608	321.339250
63.528608	1851.573750
63.528608	1858.570250
63.528608	1893.552750
63.528608	1814.592250
63.528608	1833.582750
63.528608	1800.599250
63.528608	321.339250
63.966037	1851.573750
63.966037	1843.577750
63.966037	1748.625250
63.966037	1767.615750
63.966037	1851.573750
63.966037	1843.577750
63.966037	1748.625250
63.966037	1767.615750
63.129273	1856.571250
63.129273	1837.580750
63.129273	1928.535250
63.129273	1800.599250
63.129273	1936.531250
63.129273	409.295250
63.129273	1721.638750
63.129273	1856.571250
63.129273	1837.580750
63.129273	1928.535250
63.129273	1800.599250
63.129273	1936.531250
63.129273	409.295250
63.129273	1721.638750
59.978571	1859.569750
59.978571	1490.754250
59.978571	1792.603250
59.978571	1894.552250
59.978571	1859.569750
59.978571	1490.754250
59.978571	1792.603250
59.978571	1894.552250
117.248722	1814.592250
117.248722	1803.597750
117.248722	1575.711750
117.248722	1665.666750
117.248722	1828.585250
117.248722	1560.719250
117.248722	1814.592250
117.248722	1803.597750
117.248722	1575.711750
117.248722	1665.666750
117.248722	1828.585250
117.248722	1560.719250
119.861947	1810.594250
119.861947	1818.590250
119.861947	1574.712250
119.861947	1583.707750
119.861947	1786.606250
119.861947	1810.594250
119.861947	1818.590250
119.861947	1574.712250
119.861947	1583.707750
119.861947	1786.606250
146.671051	1849.574750
146.671051	1690.654250
146.671051	1588.705250
146.671051	1710.644250
146.671051	1561.718750
146.671051	1613.692750
146.671051	1849.574750
146.671051	1690.654250
146.671051	1588.705250
146.671051	1710.644250
146.671051	1561.718750
146.671051	1613.692750
126.228866	1789.604750
126.228866	1667.665750
126.228866	1544.727250
126.228866	1555.721750
126.228866	1568.715250
126.228866	1771.613750
126.228866	1789.604750
126.228866	1667.665750
126.228866	1544.727250
126.228866	1555.721750
126.228866	1568.715250
126.228866	1771.613750
64.187653	1853.572750
64.187653	1853.572750
118.736966	1815.591750
118.736966	1728.635250
118.736966	1594.702250
118.736966	1558.720250
118.736966	1707.645750
118.736966	1815.591750
118.736966	1728.635250
118.736966	1594.702250
118.736966	1558.720250
118.736966	1707.645750
150.108702	1826.586250
150.108702	1677.660750
150.108702	1548.725250
150.108702	1663.667750
150.108702	1826.586250
150.108702	1677.660750
150.108702	1548.725250
150.108702	1663.667750
145.798697	1846.576250
145.798697	1856.571250
145.798697	1611.693750
145.798697	1690.654250
145.798697	1595.701750
145.798697	1829.584750
145.798697	1846.576250
145.798697	1856.571250
145.798697	1611.693750
145.798697	1690.654250
145.798697	1595.701750
145.798697	1829.584750
53.353898	1875.561750
53.353898	1867.565750
53.353898	1793.602750
53.353898	1805.596750
53.353898	1380.809250
53.353898	588.205750
53.353898	1875.561750
53.353898	1867.565750
53.353898	1793.602750
53.353898	1805.596750
53.353898	1380.809250
53.353898	588.205750
159.647691	1836.581250
159.647691	1568.715250
159.647691	1578.710250
159.647691	1677.660750
159.647691	1589.704750
159.647691	1836.581250
159.647691	1568.715250
159.647691	1578.710250
159.647691	1677.660750
159.647691	1589.704750
61.088777	1856.571250
61.088777	1923.537750
61.088777	355.322250
61.088777	346.326750
61.088777	1750.624250
61.088777	1856.571250
61.088777	1923.537750
61.088777	355.322250
61.088777	346.326750
61.088777	1750.624250
53.088667	1872.563250
53.088667	1792.603250
53.088667	1890.554250
53.088667	1733.632750
53.088667	1872.563250
53.088667	1792.603250
53.088667	1890.554250
53.088667	1733.632750
53.448723	1871.563750
53.448723	1885.556750
53.448723	1871.563750
53.448723	1885.556750
56.008671	1870.564250
56.008671	1787.605750
56.008671	1942.528250
56.008671	1828.585250
56.008671	1870.564250
56.008671	1787.605750
56.008671	1942.528250
56.008671	1828.585250
150.287712	1818.590250
150.287712	1829.584750
150.287712	1657.670750
150.287712	1542.728250
150.287712	1609.694750
150.287712	1669.664750
150.287712	1818.590250
150.287712	1829.584750
150.287712	1657.670750
150.287712	1542.728250
150.287712	1609.694750
150.287712	1669.664750
154.721835	1844.577250
154.721835	1835.581750
154.721835	1558.720250
154.721835	1844.577250
154.721835	1835.581750
154.721835	1558.720250
146.203357	1596.701250
146.203357	1849.574750
146.203357	1815.591750
146.203357	1724.637250
146.203357	1694.652250
146.203357	1583.707750
146.203357	1608.695250
146.203357	1596.701250
146.203357	1849.574750
146.203357	1815.591750
146.203357	1724.637250
146.203357	1694.652250
146.203357	1583.707750
146.203357	1608.695250
66.366902	1848.575250
66.366902	1791.603750
66.366902	1742.628250
66.366902	1370.814250
66.366902	1563.717750
66.366902	1917.540750
66.366902	1822.588250
66.366902	1848.575250
66.366902	1791.603750
66.366902	1742.628250
66.366902	1370.814250
66.366902	1563.717750
66.366902	1917.540750
66.366902	1822.588250
142.852366	1857.570750
142.852366	1869.564750
142.852366	1597.700750
142.852366	1657.670750
142.852366	1823.587750
142.852366	1586.706250
142.852366	1621.688750
142.852366	1857.570750
142.852366	1869.564750
142.852366	1597.700750
142.852366	1657.670750
142.852366	1823.587750
142.852366	1586.706250
142.852366	1621.688750
157.237341	1838.580250
157.237341	1846.576250
157.237341	1560.719250
157.237341	1568.715250
157.237341	1686.656250
157.237341	1577.710750
157.237341	1838.580250
157.237341	1846.576250
157.237341	1560.719250
157.237341	1568.715250
157.237341	1686.656250
157.237341	1577.710750
121.418219	1820.589250
121.418219	1806.596250
121.418219	1775.611750
121.418219	1582.708250
121.418219	1793.602750
121.418219	1820.589250
121.418219	1806.596250
121.418219	1775.611750
121.418219	1582.708250
121.418219	1793.602750
64.588966	1851.573750
64.588966	1841.578750
64.588966	1824.587250
64.588966	1764.617250
64.588966	1919.539750
64.588966	1868.565250
64.588966	1715.641750
64.588966	1851.573750
64.588966	1841.578750
64.588966	1824.587250
64.588966	1764.617250
64.588966	1919.539750
64.588966	1868.565250
64.588966	1715.641750
54.973288	1871.563750
54.973288	1877.560750
54.973288	1849.574750
54.973288	538.230750
54.973288	1657.670750
54.973288	1871.563750
54.973288	1877.560750
54.973288	1849.574750
54.973288	538.230750
54.973288	1657.670750
64.947820	1847.575750
64.947820	1856.571250
64.947820	1906.546250
64.947820	1927.535750
64.947820	1820.589250
64.947820	1135.931750
64.947820	1847.575750
64.947820	1856.571250
64.947820	1906.546250
64.947820	1927.535750
64.947820	1820.589250
64.947820	1135.931750
58.026011	1862.568250
58.026011	1850.574250
58.026011	1928.535250
58.026011	311.344250
58.026011	1812.593250
58.026011	1891.553750
58.026011	571.214250
58.026011	1862.568250
58.026011	1850.574250
58.026011	1928.535250
58.026011	311.344250
58.026011	1812.593250
58.026011	1891.553750
58.026011	571.214250
56.434055	1864.567250
56.434055	1872.563250
56.434055	1791.603750
56.434055	1713.642750
56.434055	1864.567250
56.434055	1872.563250
56.434055	1791.603750
56.434055	1713.642750
67.870461	1849.574750
67.870461	1843.577750
67.870461	1826.586250
67.870461	1907.545750
67.870461	1920.539250
67.870461	1721.638750
67.870461	1209.894750
67.870461	1849.574750
67.870461	1843.577750
67.870461	1826.586250
67.870461	1907.545750
67.870461	1920.539250
67.870461	1721.638750
67.870461	1209.894750
61.494263	1859.569750
61.494263	1872.563250
61.494263	322.338750
61.494263	1935.531750
61.494263	1827.585750
61.494263	1859.569750
61.494263	1872.563250
61.494263	322.338750
61.494263	1935.531750
61.494263	1827.585750
55.332912	1873.562750
55.332912	1866.566250
55.332912	1888.555250
55.332912	1793.602750
55.332912	647.176250
55.332912	1834.582250
55.332912	1873.562750
55.332912	1866.566250
55.332912	1888.555250
55.332912	1793.602750
55.332912	647.176250
55.332912	1834.582250
63.702610	1852.573250
63.702610	1836.581250
63.702610	1933.532750
63.702610	1924.537250
63.702610	1780.609250
63.702610	1884.557250
63.702610	1852.573250
63.702610	1836.581250
63.702610	1933.532750
63.702610	1924.537250
63.702610	1780.609250
63.702610	1884.557250
52.960149	1871.563750
52.960149	503.248250
52.960149	1797.600750
52.960149	1871.563750
52.960149	503.248250
52.960149	1797.600750
54.271601	1869.564750
54.271601	1875.561750
54.271601	1858.570250
54.271601	1794.602250
54.271601	1851.573750
54.271601	1869.564750
54.271601	1875.561750
54.271601	1858.570250
54.271601	1794.602250
54.271601	1851.573750
58.712392	1867.565750
58.712392	1860.569250
58.712392	1875.561750
58.712392	1885.556750
58.712392	1831.583750
58.712392	1867.565750
58.712392	1860.569250
58.712392	1875.561750
58.712392	1885.556750
58.712392	1831.583750
55.071517	1868.565250
55.071517	1875.561750
55.071517	1857.570750
55.071517	983.008250
55.071517	1786.606250
55.071517	1821.588750
55.071517	489.255250
55.071517	1868.565250
55.071517	1875.561750
55.071517	1857.570750
55.071517	983.008250
55.071517	1786.606250
55.071517	1821.588750
55.071517	489.255250
158.519211	1841.578750
158.519211	1570.714250
158.519211	1589.704750
158.519211	1612.693250
158.519211	1699.649750
158.519211	1841.578750
158.519211	1570.714250
158.519211	1589.704750
158.519211	1612.693250
158.519211	1699.649750
56.369519	1868.565250
56.369519	1858.570250
56.369519	1793.602750
56.369519	1814.592250
56.369519	1768.615250
56.369519	1868.565250
56.369519	1858.570250
56.369519	1793.602750
56.369519	1814.592250
56.369519	1768.615250
142.038087	1868.565250
142.038087	1860.569250
142.038087	1607.695750
142.038087	1844.577250
142.038087	1619.689750
142.038087	1668.665250
142.038087	1879.559750
142.038087	1868.565250
142.038087	1860.569250
142.038087	1607.695750
142.038087	1844.577250
142.038087	1619.689750
142.038087	1668.665250
142.038087	1879.559750
68.606592	1848.575250
68.606592	1835.581750
68.606592	1774.612250
68.606592	1919.539750
68.606592	1718.640250
68.606592	1728.635250
68.606592	1768.615250
68.606592	1848.575250
68.606592	1835.581750
68.606592	1774.612250
68.606592	1919.539750
68.606592	1718.640250
68.606592	1728.635250
68.606592	1768.615250
52.612396	1872.563250
52.612396	1618.690250
52.612396	321.339250
52.612396	537.231250
52.612396	1789.604750
52.612396	1778.610250
52.612396	1872.563250
52.612396	1618.690250
52.612396	321.339250
52.612396	537.231250
52.612396	1789.604750
52.612396	1778.610250
61.331536	1858.570250
61.331536	1799.599750
61.331536	1766.616250
61.331536	436.281750
61.331536	1858.570250
61.331536	1799.599750
61.331536	1766.616250
61.331536	436.281750
150.912414	1825.586750
150.912414	1818.590250
150.912414	1837.580750
150.912414	1670.664250
150.912414	1545.726750
150.912414	1825.586750
150.912414	1818.590250
150.912414	1837.580750
150.912414	1670.664250
150.912414	1545.726750
97.104127	1775.611750
97.104127	1843.577750
97.104127	1692.653250
97.104127	1788.605250
97.104127	1763.617750
97.104127	1624.687250
97.104127	1599.699750
97.104127	1775.611750
97.104127	1843.577750
97.104127	1692.653250
97.104127	1788.605250
97.104127	1763.617750
97.104127	1624.687250
97.104127	1599.699750
56.177605	1867.565750
56.177605	459.270250
56.177605	1778.610250
56.177605	554.222750
56.177605	1656.671250
56.177605	1867.565750
56.177605	459.270250
56.177605	1778.610250
56.177605	554.222750
56.177605	1656.671250
54.704828	1871.563750
54.704828	1788.605250
54.704828	1766.616250
54.704828	783.108250
54.704828	1903.547750
54.704828	587.206250
54.704828	1871.563750
54.704828	1788.605250
54.704828	1766.616250
54.704828	783.108250
54.704828	1903.547750
54.704828	587.206250
61.508511	1850.574250
61.508511	1856.571250
61.508511	1933.532750
61.508511	385.307250
61.508511	1850.574250
61.508511	1856.571250
61.508511	1933.532750
61.508511	385.307250
160.511925	1839.579750
160.511925	1834.582250
160.511925	1824.587250
160.511925	1584.707250
160.511925	1562.718250
160.511925	1675.661750
160.511925	1644.677250
160.511925	1839.579750
160.511925	1834.582250
160.511925	1824.587250
160.511925	1584.707250
160.511925	1562.718250
160.511925	1675.661750
160.511925	1644.677250
63.941660	1850.574250
63.941660	1858.570250
63.941660	1836.581250
63.941660	1870.564250
63.941660	1640.679250
63.941660	1850.574250
63.941660	1858.570250
63.941660	1836.581250
63.941660	1870.564250
63.941660	1640.679250
57.713715	1862.568250
57.713715	1801.598750
57.713715	1846.576250
57.713715	1862.568250
57.713715	1801.598750
57.713715	1846.576250
65.933203	1850.574250
65.933203	1841.578750
65.933203	1832.583250
65.933203	1676.661250
65.933203	1928.535250
65.933203	1753.622750
65.933203	1850.574250
65.933203	1841.578750
65.933203	1832.583250
65.933203	1676.661250
65.933203	1928.535250
65.933203	1753.622750
148.245829	1840.579250
148.245829	1562.718250
148.245829	1675.661750
148.245829	1813.592750
148.245829	949.025250
148.245829	1553.722750
148.245829	1840.579250
148.245829	1562.718250
148.245829	1675.661750
148.245829	1813.592750
148.245829	949.025250
148.245829	1553.722750
151.807826	1820.589250
151.807826	1559.719750
151.807826	1538.730250
151.807826	1832.583250
151.807826	1547.725750
151.807826	1552.723250
151.807826	1820.589250
151.807826	1559.719750
151.807826	1538.730250
151.807826	1832.583250
151.807826	1547.725750
151.807826	1552.723250
59.802170	1857.570750
59.802170	1890.554250
59.802170	1762.618250
59.802170	1857.570750
59.802170	1890.554250
59.802170	1762.618250
59.956998	1860.569250
59.956998	1851.573750
59.956998	1794.602250
59.956998	1903.547750
59.956998	1923.537750
59.956998	425.287250
59.956998	1860.569250
59.956998	1851.573750
59.956998	1794.602250
59.956998	1903.547750
59.956998	1923.537750
59.956998	425.287250
61.853056	1856.571250
61.853056	1864.567250
61.853056	1764.617250
61.853056	1745.626750
61.853056	1856.571250
61.853056	1864.567250
61.853056	1764.617250
61.853056	1745.626750
56.725862	1867.565750
56.725862	1770.614250
56.725862	1845.576750
56.725862	1706.646250
56.725862	521.239250
56.725862	1395.801750
56.725862	1867.565750
56.725862	1770.614250
56.725862	1845.576750
56.725862	1706.646250
56.725862	521.239250
56.725862	1395.801750
55.460787	1869.564750
55.460787	1869.564750
60.716679	1860.569250
60.716679	1876.561250
60.716679	1842.578250
60.716679	779.110250
60.716679	1516.741250
60.716679	1438.780250
60.716679	519.240250
60.716679	1860.569250
60.716679	1876.561250
60.716679	1842.578250
60.716679	779.110250
60.716679	1516.741250
60.716679	1438.780250
60.716679	519.240250
145.344143	1852.573250
145.344143	1614.692250
145.344143	1713.642750
145.344143	1852.573250
145.344143	1614.692250
145.344143	1713.642750
54.075244	1875.561750
54.075244	1857.570750
54.075244	572.213750
54.075244	1758.620250
54.075244	1875.561750
54.075244	1857.570750
54.075244	572.213750
54.075244	1758.620250
58.824443	1866.566250
58.824443	1841.578750
58.824443	1783.607750
58.824443	1764.617250
58.824443	1890.554250
58.824443	1866.566250
58.824443	1841.578750
58.824443	1783.607750
58.824443	1764.617250
58.824443	1890.554250
66.100296	1850.574250
66.100296	1790.604250
66.100296	1909.544750
66.100296	1925.536750
66.100296	1850.574250
66.100296	1790.604250
66.100296	1909.544750
66.100296	1925.536750
156.367409	1844.577250
156.367409	1852.573250
156.367409	1834.582250
156.367409	1594.702250
156.367409	1506.746250
156.367409	1630.684250
156.367409	1859.569750
156.367409	1844.577250
156.367409	1852.573250
156.367409	1834.582250
156.367409	1594.702250
156.367409	1506.746250
156.367409	1630.684250
156.367409	1859.569750
156.218586	1841.578750
156.218586	1593.702750
156.218586	1569.714750
156.218586	1841.578750
156.218586	1593.702750
156.218586	1569.714750
64.112562	1855.571750
64.112562	1914.542250
64.112562	1808.595250
64.112562	1931.533750
64.112562	1780.609250
64.112562	323.338250
64.112562	1855.571750
64.112562	1914.542250
64.112562	1808.595250
64.112562	1931.533750
64.112562	1780.609250
64.112562	323.338250
62.160207	1857.570750
62.160207	1684.657250
62.160207	1755.621750
62.160207	1776.611250
62.160207	1729.634750
62.160207	1802.598250
62.160207	1857.570750
62.160207	1684.657250
62.160207	1755.621750
62.160207	1776.611250
62.160207	1729.634750
62.160207	1802.598250
56.267359	1866.566250
56.267359	1780.609250
56.267359	596.201750
56.267359	1866.566250
56.267359	1780.609250
56.267359	596.201750
148.593001	1844.577250
148.593001	1836.581250
148.593001	1591.703750
148.593001	1570.714250
148.593001	1671.663750
148.593001	1563.717750
148.593001	1687.655750
148.593001	1844.577250
148.593001	1836.581250
148.593001	1591.703750
148.593001	1570.714250
148.593001	1671.663750
148.593001	1563.717750
148.593001	1687.655750
56.203099	1866.566250
56.203099	1784.607250
56.203099	454.272750
56.203099	503.248250
56.203099	1767.615750
56.203099	1127.935750
56.203099	1866.566250
56.203099	1784.607250
56.203099	454.272750
56.203099	503.248250
56.203099	1767.615750
56.203099	1127.935750
141.312819	1865.566750
141.312819	1721.638750
141.312819	1728.635250
141.312819	1622.688250
141.312819	1590.704250
141.312819	1632.683250
141.312819	1865.566750
141.312819	1721.638750
141.312819	1728.635250
141.312819	1622.688250
141.312819	1590.704250
141.312819	1632.683250
155.266962	1839.579750
155.266962	1846.576250
155.266962	1829.584750
155.266962	1563.717750
155.266962	1795.601750
155.266962	1839.579750
155.266962	1846.576250
155.266962	1829.584750
155.266962	1563.717750
155.266962	1795.601750
64.239115	1853.572750
64.239115	1939.529750
64.239115	1853.572750
64.239115	1939.529750
53.514146	1875.561750
53.514146	1800.599250
53.514146	1875.561750
53.514146	1800.599250
55.402269	1874.562250
55.402269	1860.569250
55.402269	1825.586750
55.402269	1792.603250
55.402269	1939.529750
55.402269	576.211750
55.402269	1874.562250
55.402269	1860.569250
55.402269	1825.586750
55.402269	1792.603250
55.402269	1939.529750
55.402269	576.211750
57.440388	1865.566750
57.440388	1816.591250
57.440388	1839.579750
57.440388	1891.553750
57.440388	1760.619250
57.440388	1882.558250
57.440388	1865.566750
57.440388	1816.591250
57.440388	1839.579750
57.440388	1891.553750
57.440388	1760.619250
57.440388	1882.558250
146.401482	1844.577250
146.401482	1854.572250
146.401482	1577.710750
146.401482	1595.701750
146.401482	1611.693750
146.401482	1844.577250
146.401482	1854.572250
146.401482	1577.710750
146.401482	1595.701750
146.401482	1611.693750
60.374403	1856.571250
60.374403	1841.578750
60.374403	1776.611250
60.374403	1879.559750
60.374403	1856.571250
60.374403	1841.578750
60.374403	1776.611250
60.374403	1879.559750
52.801973	1877.560750
52.801973	1869.564750
52.801973	1452.773250
52.801973	1706.646250
52.801973	1790.604250
52.801973	1634.682250
52.801973	1877.560750
52.801973	1869.564750
52.801973	1452.773250
52.801973	1706.646250
52.801973	1790.604250
52.801973	1634.682250
59.562234	1859.569750
59.562234	1870.564250
59.562234	1883.557750
59.562234	1785.606750
59.562234	444.277750
59.562234	1892.553250
59.562234	1795.601750
59.562234	1859.569750
59.562234	1870.564250
59.562234	1883.557750
59.562234	1785.606750
59.562234	444.277750
59.562234	1892.553250
59.562234	1795.601750
148.331764	1838.580250
148.331764	1558.720250
148.331764	489.255250
148.331764	1620.689250
148.331764	1568.715250
148.331764	1583.707750
148.331764	1838.580250
148.331764	1558.720250
148.331764	489.255250
148.331764	1620.689250
148.331764	1568.715250
148.331764	1583.707750
58.404950	1865.566750
58.404950	1872.563250
58.404950	1852.573250
58.404950	1797.600750
58.404950	1865.566750
58.404950	1872.563250
58.404950	1852.573250
58.404950	1797.600750
56.561306	1865.566750
56.561306	1825.586750
56.561306	1796.601250
56.561306	1748.625250
56.561306	524.237750
56.561306	1936.531250
56.561306	1943.527750
56.561306	1865.566750
56.561306	1825.586750
56.561306	1796.601250
56.561306	1748.625250
56.561306	524.237750
56.561306	1936.531250
56.561306	1943.527750
57.942133	1869.564750
57.942133	1878.560250
57.942133	1857.570750
57.942133	1869.564750
57.942133	1878.560250
57.942133	1857.570750
54.046219	1871.563750
54.046219	1871.563750
58.135061	1864.567250
58.135061	1881.558750
58.135061	417.291250
58.135061	1864.567250
58.135061	1881.558750
58.135061	417.291250
57.566331	1864.567250
57.566331	1787.605750
57.566331	1807.595750
57.566331	1428.785250
57.566331	1864.567250
57.566331	1787.605750
57.566331	1807.595750
57.566331	1428.785250
162.457145	1830.584250
162.457145	1842.578250
162.457145	1678.660250
162.457145	1830.584250
162.457145	1842.578250
162.457145	1678.660250
61.721067	1856.571250
61.721067	1844.577250
61.721067	1809.594750
61.721067	1762.618250
61.721067	1910.544250
61.721067	1856.571250
61.721067	1844.577250
61.721067	1809.594750
61.721067	1762.618250
61.721067	1910.544250
62.290781	1858.570250
62.290781	1926.536250
62.290781	1858.570250
62.290781	1926.536250
58.628632	1862.568250
58.628632	1847.575750
58.628632	539.230250
58.628632	504.247750
58.628632	1862.568250
58.628632	1847.575750
58.628632	539.230250
58.628632	504.247750
55.249898	1869.564750
55.249898	554.222750
55.249898	1823.587750
55.249898	1788.605250
55.249898	1799.599750
55.249898	486.256750
55.249898	1921.538750
55.249898	1869.564750
55.249898	554.222750
55.249898	1823.587750
55.249898	1788.605250
55.249898	1799.599750
55.249898	486.256750
55.249898	1921.538750
66.395616	1848.575250
66.395616	1754.622250
66.395616	1919.539750
66.395616	1532.733250
66.395616	1769.614750
66.395616	1791.603750
66.395616	1848.575250
66.395616	1754.622250
66.395616	1919.539750
66.395616	1532.733250
66.395616	1769.614750
66.395616	1791.603750
59.699645	1860.569250
59.699645	1810.594250
59.699645	1911.543750
59.699645	1373.812750
59.699645	1932.533250
59.699645	1860.569250
59.699645	1810.594250
59.699645	1911.543750
59.699645	1373.812750
59.699645	1932.533250
64.213501	1854.572250
64.213501	1905.546750
64.213501	1830.584250
64.213501	1722.638250
64.213501	1854.572250
64.213501	1905.546750
64.213501	1830.584250
64.213501	1722.638250
57.916530	1863.567750
57.916530	1849.574750
57.916530	1899.549750
57.916530	1626.686250
57.916530	1802.598250
57.916530	1863.567750
57.916530	1849.574750
57.916530	1899.549750
57.916530	1626.686250
57.916530	1802.598250
61.654473	1859.569750
61.654473	1830.584250
61.654473	1774.612250
61.654473	1859.569750
61.654473	1830.584250
61.654473	1774.612250
163.953879	1836.581250
163.953879	1836.581250
63.039934	1858.570250
63.039934	1851.573750
63.039934	1835.581750
63.039934	1768.615250
63.039934	1755.621750
63.039934	1792.603250
63.039934	1783.607750
63.039934	1858.570250
63.039934	1851.573750
63.039934	1835.581750
63.039934	1768.615250
63.039934	1755.621750
63.039934	1792.603250
63.039934	1783.607750
124.741034	1806.596250
124.741034	1795.601750
124.741034	1655.671750
124.741034	1550.724250
124.741034	1775.611750
124.741034	1788.605250
124.741034	1576.711250
124.741034	1806.596250
124.741034	1795.601750
124.741034	1655.671750
124.741034	1550.724250
124.741034	1775.611750
124.741034	1788.605250
124.741034	1576.711250
57.469634	1861.568750
57.469634	1846.576250
57.469634	412.293750
57.469634	1785.606750
57.469634	1909.544750
57.469634	1737.630750
57.469634	1861.568750
57.469634	1846.576250
57.469634	412.293750
57.469634	1785.606750
57.469634	1909.544750
57.469634	1737.630750
65.505805	1851.573750
65.505805	1863.567750
65.505805	1935.531750
65.505805	1755.621750
65.505805	1769.614750
65.505805	1851.573750
65.505805	1863.567750
65.505805	1935.531750
65.505805	1755.621750
65.505805	1769.614750
57.515872	1869.564750
57.515872	1782.608250
57.515872	1929.534750
57.515872	1843.577750
57.515872	1830.584250
57.515872	1912.543250
57.515872	1869.564750
57.515872	1782.608250
57.515872	1929.534750
57.515872	1843.577750
57.515872	1830.584250
57.515872	1912.543250
57.121384	1865.566750
57.121384	1851.573750
57.121384	1792.603250
57.121384	1552.723250
57.121384	1886.556250
57.121384	476.261750
57.121384	1865.566750
57.121384	1851.573750
57.121384	1792.603250
57.121384	1552.723250
57.121384	1886.556250
57.121384	476.261750
127.201309	1791.603750
127.201309	1561.718750
127.201309	1464.767250
127.201309	1551.723750
127.201309	1577.710750
127.201309	1757.620750
127.201309	1802.598250
127.201309	1791.603750
127.201309	1561.718750
127.201309	1464.767250
127.201309	1551.723750
127.201309	1577.710750
127.201309	1757.620750
127.201309	1802.598250
152.564952	1845.576750
152.564952	1855.571750
152.564952	1583.707750
152.564952	1607.695750
152.564952	1592.703250
152.564952	1707.645750
152.564952	1694.652250
152.564952	1845.576750
152.564952	1855.571750
152.564952	1583.707750
152.564952	1607.695750
152.564952	1592.703250
152.564952	1707.645750
152.564952	1694.652250
67.947635	1849.574750
67.947635	1842.578250
67.947635	1741.628750
67.947635	1904.547250
67.947635	1919.539750
67.947635	1849.574750
67.947635	1842.578250
67.947635	1741.628750
67.947635	1904.547250
67.947635	1919.539750
67.159433	1847.575750
67.159433	1829.584750
67.159433	1809.594750
67.159433	1932.533250
67.159433	325.337250
67.159433	1771.613750
67.159433	1847.575750
67.159433	1829.584750
67.159433	1809.594750
67.159433	1932.533250
67.159433	325.337250
67.159433	1771.613750
146.821536	1857.570750
146.821536	1588.705250
146.821536	1843.577750
146.821536	1716.641250
146.821536	1702.648250
146.821536	1857.570750
146.821536	1588.705250
146.821536	1843.577750
146.821536	1716.641250
146.821536	1702.648250
60.189765	1858.570250
60.189765	1873.562750
60.189765	1779.609750
60.189765	1944.527250
60.189765	1886.556250
60.189765	1840.579250
60.189765	1768.615250
60.189765	1858.570250
60.189765	1873.562750
60.189765	1779.609750
60.189765	1944.527250
60.189765	1886.556250
60.189765	1840.579250
60.189765	1768.615250
57.410647	1869.564750
57.410647	1859.569750
57.410647	1888.555250
57.410647	1913.542750
57.410647	1830.584250
57.410647	1270.864250
57.410647	530.234750
57.410647	1869.564750
57.410647	1859.569750
57.410647	1888.555250
57.410647	1913.542750
57.410647	1830.584250
57.410647	1270.864250
57.410647	530.234750
158.621943	1835.581750
158.621943	1824.587250
158.621943	1844.577250
158.621943	1557.720750
158.621943	1801.598750
158.621943	1835.581750
158.621943	1824.587250
158.621943	1844.577250
158.621943	1557.720750
158.621943	1801.598750
141.376691	1868.565250
141.376691	1620.689250
141.376691	1611.693750
141.376691	1843.577750
141.376691	1691.653750
141.376691	1730.634250
141.376691	1868.565250
141.376691	1620.689250
141.376691	1611.693750
141.376691	1843.577750
141.376691	1691.653750
141.376691	1730.634250
154.876391	1840.579250
154.876391	1568.715250
154.876391	1675.661750
154.876391	1695.651750
154.876391	1840.579250
154.876391	1568.715250
154.876391	1675.661750
154.876391	1695.651750
150.464948	1828.585250
150.464948	1819.589750
150.464948	1667.665750
150.464948	1828.585250
150.464948	1819.589750
150.464948	1667.665750
67.744237	1846.576250
67.744237	1907.545750
67.744237	1742.628250
67.744237	1580.709250
67.744237	1767.615750
67.744237	1896.551250
67.744237	1699.649750
67.744237	1846.576250
67.744237	1907.545750
67.744237	1742.628250
67.744237	1580.709250
67.744237	1767.615750
67.744237	1896.551250
67.744237	1699.649750
60.340666	1860.569250
60.340666	1838.580250
60.340666	1918.540250
60.340666	1935.531750
60.340666	1821.588750
60.340666	374.312750
60.340666	1470.764250
60.340666	1860.569250
60.340666	1838.580250
60.340666	1918.540250
60.340666	1935.531750
60.340666	1821.588750
60.340666	374.312750
60.340666	1470.764250
57.343551	1869.564750
57.343551	1862.568250
57.343551	1880.559250
57.343551	1817.590750
57.343551	1805.596750
57.343551	1869.564750
57.343551	1862.568250
57.343551	1880.559250
57.343551	1817.590750
57.343551	1805.596750
55.027375	1865.566750
55.027375	1873.562750
55.027375	1865.566750
55.027375	1873.562750
153.082341	1848.575250
153.082341	1574.712250
153.082341	1565.716750
153.082341	1838.580250
153.082341	1586.706250
153.082341	1848.575250
153.082341	1574.712250
153.082341	1565.716750
153.082341	1838.580250
153.082341	1586.706250
147.470963	1848.575250
147.470963	1589.704750
147.470963	1707.645750
147.470963	1580.709250
